0.447768102863825
-0.178284390114233
0.0870850674788756
-0.178284390114234
0.447768102863826
-0.22792973566912
0.146284627786038
-0.138193259311623
0.358031626506328
0.146284627786038
-0.138193259311623
0.358031626506328
0.285437879967506
-0.138193259311623
0.362511593232275
-0.138193259311623
0.285437879967507
-0.107153489853273
0.285437879967507
-0.178284390114234
0.358031626506328
0.285437879967506
-0.178284390114234
0.358031626506328
0.146284627786038
0.0870850674788756
0.146284627786038
-0.227929735669121
0.447768102863825
0.447768102863826
