2.500000000000000000e-01
-4.360851834804490209e-17
2.500000000000000000e-01
2.500000000000000000e-01
-2.487647581894370228e-16
-2.500000000000000000e-01
-4.474581769358459983e-17
2.500000000000000000e-01
-1.097519980850830034e-16
-1.814728249359289910e-16
2.500000000000000000e-01
-1.256304246800219977e-16
-2.500000000000000000e-01
2.500000000000000000e-01
-2.500000000000000000e-01
7.019387084873360500e-17
2.500000000000000000e-01
1.587902146745679860e-17
2.266329448622980022e-17
-2.500000000000000000e-01
1.127881289136040042e-16
2.500000000000000000e-01
2.500000000000000000e-01
1.290262702033760000e-17
2.500000000000000000e-01
2.500000000000000000e-01
5.136712422952599733e-17
2.500000000000000000e-01
